9916987557498472163
5657648277294627659
4261683394557761398
8028447847139171178
11968222464318184902
10855018757892140778
1499774197324988093
2866878900860165200
4548847045726328398
18417929949352934565
1624844694252951670
16612796187609910231
8367954852521860584
7286956184206241667
2924443315241407670
15080666114505638752
9676340568633315043
15391779652638317397
17588370119332842500
10259473862419728201
12177303784046360968
16497338866951777798
6119822967589437434
7863944178332716563
1748525484704117739
9302614743686928445
2537767352931211929
18133594389159409361
13344899788879957996
17410150909271850721
3825086722544961715
2533319356240177965
17109664916203233828
10554676811062989429
3390835350587613556
2112312373276403488
15293172323031331949
16536759092228282799
14208833057691090763
13776589956330541286
16557804717499312655
5200729738027026975
15549642053694349479
9475917990501695836
18177928826450036706
10727138258470034535
11697893326946753500
3920475512812135004
11888921501683547862
14657189369438289500
10799467227180550249
6840903677720736509
532849052198571280
4635139860193311536
4383610891671329453
5442992410308295640
16811582318818908208
14201322763243420917
692742852776201547
8132363886480870784
5211523002582426364
14417524198586853125
4510614425085906095
6709251813909342177
12564317691247955981
3095487235135022364
784453824716112972
13659715758890992222
5687306337821718274
14213448276562055071
11507083851078534365
730755623413347378
17035323831451937802
16233774769381091260
14899859457523150065
11345716626278246979
9599741093366029741
7962594745408798800
10754772501914084595
6402249502236230337
4836371995119488424
17805277263579665517
18375915395490581899
11843696856801863391
14457452903036741104
13325107539645783254
11024489177173263749
733038227778326053
2180639781336326917
10893435260238658528
9806091109763123935
990604120468916781
824177336931874502
4702853712829029487
14325032799862132698
8694060359175410008
10780730982516425315
772765063768691000
17549090540639332125
979727235483577357
